observation_id      source  product_id  observatory     mjd_start      mjd_stop  exposure  moving_target_id  designation  small_body           mjd          tmtp         ra         dec       rh    delta   phase   selong  true_anomaly   sangle   vangle     unc_a    unc_b   unc_th    vmag
--------------  ----------  ----------  -----------  ------------  ------------  --------  ----------------  -----------  ----------  ------------  ------------  ---------  ----------  -------  -------  ------  -------  ------------  -------  -------  --------  -------  -------  ------
       1366865  lsst-dp0.2   199497060          X05  59849.200562  59849.200909    30.000                16        65803        true  59849.200562    -24.589475  51.554476  -33.283106   1.0454   0.0754  53.575  122.955       332.635  117.580   47.867     0.005    0.003   33.206  14.556
       1428320  lsst-dp0.2   199533107          X05  59849.216988  59849.217335    30.000                16        65803        true  59849.216988    -24.573049  51.601295  -33.273294   1.0454   0.0754  53.600  122.930       332.653  117.552   47.845     0.005    0.003   33.219  14.556
       1828311  lsst-dp0.2   200737028          X05  59851.210555  59851.210902    30.000                16        65803        true  59851.210555    -22.579482  57.582832  -31.767955   1.0405   0.0734  56.586  119.908       334.790  114.228   45.225     0.005    0.003   34.878  14.574
       1844559  lsst-dp0.2   200736061          X05  59851.210108  59851.210455    30.000                16        65803        true  59851.210108    -22.579929  57.581552  -31.768311   1.0405   0.0734  56.585  119.909       334.789  114.229   45.225     0.005    0.003   34.878  14.574
         29268  lsst-dp0.2   194918097          X05  59841.328881  59841.329228    30.000                18    2022 SC19        true  59841.328881    -73.787332  64.578084  -42.593056   1.4050   0.7319  43.148  106.967       292.845  103.989   18.547     0.224    0.157  -20.501  20.580
        337972  lsst-dp0.2   204713111          X05  59857.350566  59857.350913    30.000                18    2022 SC19        true  59857.350566    -57.765647  58.812001  -42.210496   1.2977   0.4969  43.804  116.075       304.230  124.469   26.553     0.182    0.151  -24.382  19.584
        373754  lsst-dp0.2   183059140          X05  59822.386043  59822.386390    30.000                18    2022 SC19        true  59822.386043    -92.730170  63.527747  -41.993429   1.5430   1.0031  40.097  100.108       281.530   87.357   12.479     0.260    0.161  -19.564  21.383
        373944  lsst-dp0.2   184840141          X05  59824.355085  59824.355432    30.000                18    2022 SC19        true  59824.355085    -90.761128  63.867683  -42.052501   1.5283   0.9755  40.444  100.712       282.610   88.874   12.949     0.257    0.161  -19.559  21.311
       1061862  lsst-dp0.2   185773157          X05  59825.345286  59825.345633    30.000                18    2022 SC19        true  59825.345286    -89.770927  64.022138  -42.083458   1.5210   0.9616  40.618  101.024       283.161   89.651   13.199     0.255    0.161  -19.564  21.274
       1072785  lsst-dp0.2   193007184          X05  59839.267583  59839.267930    30.000                18    2022 SC19        true  59839.267583    -75.848630  64.759221  -42.538006   1.4196   0.7619  42.872  106.079       291.508  101.904   17.708     0.229    0.158  -20.264  20.682
       1072801  lsst-dp0.2   193806011          X05  59840.224468  59840.224815    30.000                18    2022 SC19        true  59840.224468    -74.891745  64.688264  -42.564085   1.4128   0.7480  43.003  106.485       292.125  102.861   18.092     0.227    0.158  -20.368  20.635
       1095722  lsst-dp0.2   193091071          X05  59839.307840  59839.308187    30.000                18    2022 SC19        true  59839.307840    -75.808373  64.755642  -42.539416   1.4193   0.7614  42.877  106.096       291.534  101.944   17.725     0.229    0.158  -20.268  20.680
       1710816  lsst-dp0.2   180008173          X05  59819.294013  59819.294360    30.000                18    2022 SC19        true  59819.294013    -95.822200  62.914188  -41.908146   1.5662   1.0462  39.548   99.196       279.874   85.051   11.809     0.265    0.162  -19.606  21.491
       1931204  lsst-dp0.2   167880086          X05  59803.360786  59803.361133    30.000                18    2022 SC19        true  59803.360786   -111.755427  58.458592  -41.695724   1.6870   1.2624  36.751   95.057       272.071   74.360    9.587     0.286    0.164  -20.387  21.983
       1941146  lsst-dp0.2   166960091          X05  59802.415775  59802.416122    30.000                18    2022 SC19        true  59802.415775   -112.700438  58.138352  -41.696853   1.6943   1.2749  36.590   94.834       271.643   73.779    9.515     0.287    0.165  -20.460  22.009
       1941510  lsst-dp0.2   169761050          X05  59805.314816  59805.315163    30.000                18    2022 SC19        true  59805.314816   -109.801397  59.102676  -41.698524   1.6722   1.2364  37.086   95.525       272.967   75.579    9.757     0.283    0.164  -20.246  21.928
       1941697  lsst-dp0.2   169768048          X05  59805.317946  59805.318293    30.000                18    2022 SC19        true  59805.317946   -109.798267  59.103658  -41.698554   1.6721   1.2363  37.086   95.526       272.968   75.581    9.757     0.283    0.164  -20.246  21.928
       1941899  lsst-dp0.2   169814061          X05  59805.338549  59805.338896    30.000                18    2022 SC19        true  59805.338549   -109.777664  59.110102  -41.698743   1.6720   1.2361  37.090   95.531       272.978   75.594    9.759     0.283    0.164  -20.245  21.927
       1942269  lsst-dp0.2   206020147          X05  59859.156250  59859.156597    30.000                18    2022 SC19        true  59859.156250    -55.959963  57.467030  -41.960745   1.2864   0.4707  43.582  117.467       305.630  127.504   27.563     0.176    0.150  -25.063  19.442
       1949420  lsst-dp0.2   169813147          X05  59805.338100  59805.338447    30.000                18    2022 SC19        true  59805.338100   -109.778113  59.109962  -41.698739   1.6720   1.2361  37.090   95.531       272.978   75.593    9.759     0.283    0.164  -20.245  21.927
       2019008  lsst-dp0.2   169766068          X05  59805.317051  59805.317398    30.000                18    2022 SC19        true  59805.317051   -109.799162  59.103377  -41.698545   1.6721   1.2363  37.086   95.526       272.968   75.580    9.757     0.283    0.164  -20.246  21.928
       2021512  lsst-dp0.2   167884115          X05  59803.362719  59803.363066    30.000                18    2022 SC19        true  59803.362719   -111.753494  58.459217  -41.695733   1.6870   1.2624  36.751   95.058       272.071   74.362    9.587     0.286    0.164  -20.387  21.983
       2400509  lsst-dp0.2   208816124          X05  59862.237806  59862.238153    30.000                18    2022 SC19        true  59862.237806    -52.878407  54.661633  -41.329451   1.2676   0.4265  42.958  120.114       308.075  133.241   29.243     0.166    0.149  -26.149  19.178
       2400943  lsst-dp0.2   208852072          X05  59862.255291  59862.255638    30.000                18    2022 SC19        true  59862.255291    -52.860922  54.642719  -41.324941   1.2675   0.4263  42.954  120.131       308.089  133.276   29.252     0.166    0.149  -26.154  19.177
       2401513  lsst-dp0.2   209013134          X05  59862.330273  59862.330620    30.000                18    2022 SC19        true  59862.330273    -52.785940  54.561505  -41.305123   1.2670   0.4252  42.933  120.201       308.150  133.427   29.291     0.166    0.149  -26.174  19.170
       2415869  lsst-dp0.2   209060048          X05  59862.353581  59862.353928    30.000                18    2022 SC19        true  59862.353581    -52.762632  54.536298  -41.298804   1.2669   0.4249  42.927  120.222       308.168  133.474   29.303     0.166    0.149  -26.181  19.168
       2490299  lsst-dp0.2   209016143          X05  59862.331637  59862.331984    30.000                18    2022 SC19        true  59862.331637    -52.784576  54.560028  -41.304755   1.2670   0.4252  42.933  120.202       308.151  133.430   29.292     0.166    0.149  -26.175  19.170
       2490395  lsst-dp0.2   209849050          X05  59863.333979  59863.334326    30.000                18    2022 SC19        true  59863.333979    -51.782234  53.490070  -41.023506   1.2610   0.4110  42.648  121.150       308.962  135.483   29.806     0.163    0.148  -26.422  19.078
       2492923  lsst-dp0.2   209817007          X05  59863.317518  59863.317865    30.000                18    2022 SC19        true  59863.317518    -51.798695  53.509239  -41.028634   1.2611   0.4113  42.653  121.134       308.949  135.448   29.798     0.163    0.148  -26.419  19.079
       2517781  lsst-dp0.2   209847073          X05  59863.333059  59863.333406    30.000                18    2022 SC19        true  59863.333059    -51.783154  53.491141  -41.023794   1.2610   0.4110  42.648  121.149       308.962  135.481   29.806     0.163    0.148  -26.422  19.078
          1407  lsst-dp0.2   221579053          X05  59879.184223  59879.184570    30.000                20    C/2022 R6        true  59879.184223  -1033.351165  53.350024  -42.459618   9.3834   8.8292   5.197  121.251       293.634  154.506   89.626     0.329    0.306   51.048  18.808
         15018  lsst-dp0.2   221619035          X05  59879.204093  59879.204440    30.000                20    C/2022 R6        true  59879.204093  -1033.331295  53.348431  -42.460559   9.3833   8.8291   5.197  121.250       293.635  154.531   89.628     0.329    0.306   51.039  18.808
         66942  lsst-dp0.2   193820086          X05  59840.232902  59840.233249    30.000                20    C/2022 R6        true  59840.232902  -1072.302486  55.156641  -39.729466   9.5541   9.0987   5.510  114.160       292.078  108.867   86.819     0.327    0.323   76.610  18.936
         90046  lsst-dp0.2   183850127          X05  59823.325918  59823.326265    30.000                20    C/2022 R6        true  59823.325918  -1089.209470  55.002480  -38.265200   9.6288   9.2841   5.754  107.066       291.420   92.785   86.098     0.351    0.331  -79.645  19.007
         90178  lsst-dp0.2   193780070          X05  59840.211503  59840.211850    30.000                20    C/2022 R6        true  59840.211503  -1072.323885  55.156865  -39.727633   9.5542   9.0989   5.510  114.152       292.078  108.845   86.818     0.327    0.323   76.695  18.936
        112210  lsst-dp0.2   183773040          X05  59823.289404  59823.289751    30.000                20    C/2022 R6        true  59823.289404  -1089.245984  55.001574  -38.262009   9.6290   9.2845   5.754  107.050       291.419   92.753   86.097     0.351    0.331  -79.624  19.008
        160875  lsst-dp0.2   159493030          X05  59791.359860  59791.360207    30.000                20    C/2022 R6        true  59791.359860  -1121.175528  53.176844  -35.686850   9.7709   9.7071   5.965   90.612       290.203   67.727   85.722     0.453    0.345  -64.396  19.155
        301178  lsst-dp0.2   204709156          X05  59857.348731  59857.349078    30.000                20    C/2022 R6        true  59857.348731  -1055.186657  54.704348  -41.106021   9.4789   8.9506   5.286  119.205       292.755  127.678   87.898     0.321    0.315   51.109  18.873
        301977  lsst-dp0.2   228091137          X05  59887.270746  59887.271093    30.000                20    C/2022 R6        true  59887.270746  -1025.264642  52.686516  -42.792369   9.3482   8.8044   5.240  120.592       293.964  164.707   90.298     0.334    0.302   46.961  18.789
        302093  lsst-dp0.2   230637086          X05  59898.056664  59898.057011    30.000                20    C/2022 R6        true  59898.056664  -1014.478724  51.732329  -43.065927   9.3014   8.7878   5.360  118.562       294.408  178.048   91.155     0.341    0.296   40.256  18.768
        302244  lsst-dp0.2   238035055          X05  59908.109538  59908.109885    30.000                20    C/2022 R6        true  59908.109538  -1004.425850  50.825571  -43.133942   9.2580   8.7884   5.517  115.606       294.826  189.950   91.859     0.345    0.290   33.219  18.752
        302416  lsst-dp0.2   238075083          X05  59908.128472  59908.128819    30.000                20    C/2022 R6        true  59908.128472  -1004.406916  50.823852  -43.133888   9.2579   8.7884   5.518  115.600       294.827  189.972   91.860     0.345    0.290   33.205  18.752
        302739  lsst-dp0.2   243847184          X05  59916.112863  59916.113210    30.000                20    C/2022 R6        true  59916.112863   -996.422525  50.133144  -43.056145   9.2235   8.7990   5.660  112.639       295.162  198.940   92.316     0.348    0.285   27.278  18.741
        325531  lsst-dp0.2   211088090          X05  59866.138205  59866.138552    30.000                20    C/2022 R6        true  59866.138205  -1046.397183  54.251992  -41.719805   9.4404   8.8923   5.216  120.683       293.107  138.209   88.561     0.323    0.311   54.039  18.845
        325714  lsst-dp0.2   211131084          X05  59866.158405  59866.158752    30.000                20    C/2022 R6        true  59866.158405  -1046.376983  54.250758  -41.721127   9.4403   8.8921   5.216  120.685       293.108  138.233   88.563     0.323    0.311   54.039  18.845
        326099  lsst-dp0.2   211536137          X05  59866.351907  59866.352254    30.000                20    C/2022 R6        true  59866.351907  -1046.183481  54.238833  -41.733678   9.4395   8.8910   5.215  120.707       293.115  138.471   88.578     0.323    0.311   54.046  18.844
        338501  lsst-dp0.2   211485049          X05  59866.324542  59866.324889    30.000                20    C/2022 R6        true  59866.324542  -1046.210846  54.240521  -41.731917   9.4396   8.8912   5.215  120.704       293.114  138.437   88.576     0.323    0.311   54.045  18.844
        446350  lsst-dp0.2   211098161          X05  59866.142850  59866.143197    30.000                20    C/2022 R6        true  59866.142850  -1046.392538  54.251709  -41.720109   9.4404   8.8922   5.216  120.683       293.107  138.214   88.561     0.323    0.311   54.039  18.845
        451497  lsst-dp0.2   192354061          X05  59837.381792  59837.382139    30.000                20    C/2022 R6        true  59837.381792  -1075.153596  55.172402  -39.485719   9.5667   9.1275   5.552  113.087       291.967  105.983   86.672     0.330    0.325   85.469  18.947
        497668  lsst-dp0.2   512135017          X05  60330.175820  60330.176167    30.000                20    C/2022 R6        true  60330.175820   -582.359568  71.782838  -38.717623   7.6205   7.3152   7.180  104.450       316.400  228.611   77.453     0.192    0.171   36.030  17.677
        505751  lsst-dp0.2   192358093          X05  59837.383642  59837.383989    30.000                20    C/2022 R6        true  59837.383642  -1075.151746  55.172393  -39.485877   9.5667   9.1274   5.552  113.088       291.967  105.985   86.672     0.330    0.325   85.465  18.947
        545495  lsst-dp0.2   518038056          X05  60338.143443  60338.143790    30.000                20    C/2022 R6        true  60338.143443   -574.391945  71.518140  -37.917874   7.5944   7.3442   7.309  101.035       316.891  236.317   77.188     0.194    0.171   12.778  17.674
        604593  lsst-dp0.2   518001105          X05  60338.126230  60338.126577    30.000                20    C/2022 R6        true  60338.126230   -574.409158  71.518558  -37.919707   7.5945   7.3441   7.309  101.043       316.890  236.301   77.189     0.194    0.171   12.817  17.674
        671444  lsst-dp0.2   518089120          X05  60338.166632  60338.166979    30.000                20    C/2022 R6        true  60338.166632   -574.368756  71.517579  -37.915402   7.5943   7.3443   7.310  101.025       316.893  236.338   77.187     0.194    0.171   12.725  17.674
       1000662  lsst-dp0.2   233123176          X05  59901.199912  59901.200259    30.000                20    C/2022 R6        true  59901.199912  -1011.335476  51.447423  -43.106939   9.2878   8.7864   5.405  117.740       294.539  181.835   91.388     0.342    0.295   38.121  18.763
       1000724  lsst-dp0.2   242417052          X05  59914.108333  59914.108680    30.000                20    C/2022 R6        true  59914.108333   -998.427055  50.302230  -43.086493   9.2321   8.7956   5.623  113.427       295.078  196.732   92.212     0.347    0.286   28.787  18.744
       1000828  lsst-dp0.2   242445000          X05  59914.121492  59914.121839    30.000                20    C/2022 R6        true  59914.121492   -998.413896  50.301086  -43.086311   9.2320   8.7956   5.624  113.422       295.078  196.746   92.212     0.347    0.286   28.777  18.744
       1001035  lsst-dp0.2   242565139          X05  59914.178871  59914.179218    30.000                20    C/2022 R6        true  59914.178871   -998.356517  50.296098  -43.085504   9.2318   8.7957   5.625  113.400       295.081  196.810   92.215     0.347    0.286   28.734  18.744
       1025245  lsst-dp0.2   212243037          X05  59867.302070  59867.302417    30.000                20    C/2022 R6        true  59867.302070  -1045.233318  54.181600  -41.794788   9.4353   8.8855   5.210  120.814       293.154  139.638   88.653     0.323    0.311   54.062  18.841
       1025631  lsst-dp0.2   212703102          X05  59868.128068  59868.128415    30.000                20    C/2022 R6        true  59868.128068  -1044.407320  54.130930  -41.847011   9.4317   8.8808   5.206  120.898       293.187  140.655   88.718     0.324    0.310   54.038  18.839
       1025937  lsst-dp0.2   213508139          X05  59869.140927  59869.141274    30.000                20    C/2022 R6        true  59869.140927  -1043.394461  54.066813  -41.909926   9.4273   8.8752   5.202  120.990       293.228  141.908   88.799     0.324    0.310   53.957  18.836
       1038147  lsst-dp0.2   212738050          X05  59868.144630  59868.144977    30.000                20    C/2022 R6        true  59868.144630  -1044.390758  54.129865  -41.848056   9.4316   8.8807   5.206  120.900       293.188  140.676   88.720     0.324    0.310   54.036  18.839
       1143707  lsst-dp0.2   193049183          X05  59839.288496  59839.288843    30.000                20    C/2022 R6        true  59839.288496  -1073.246892  55.163757  -39.649020   9.5583   9.1081   5.524  113.811       292.041  107.904   86.770     0.328    0.324   80.014  18.940
       1143805  lsst-dp0.2   199649092          X05  59849.271941  59849.272288    30.000                20    C/2022 R6        true  59849.271941  -1063.263447  54.992429  -40.479843   9.5144   9.0150   5.382  117.148       292.435  118.491   87.349     0.322    0.319   48.886  18.902
       1143949  lsst-dp0.2   213535047          X05  59869.153113  59869.153460    30.000                20    C/2022 R6        true  59869.153113  -1043.382275  54.066008  -41.910678   9.4272   8.8752   5.202  120.991       293.228  141.923   88.800     0.324    0.310   53.955  18.836
       1148628  lsst-dp0.2   193190063          X05  59839.354302  59839.354649    30.000                20    C/2022 R6        true  59839.354302  -1073.181086  55.163170  -39.654648   9.5580   9.1074   5.523  113.835       292.044  107.971   86.773     0.328    0.324   79.785  18.940
       1148944  lsst-dp0.2   212804001          X05  59868.175796  59868.176143    30.000                20    C/2022 R6        true  59868.175796  -1044.359592  54.127855  -41.850018   9.4315   8.8805   5.206  120.903       293.189  140.714   88.722     0.324    0.310   54.034  18.838
       1194847  lsst-dp0.2   194109108          X05  59840.369887  59840.370234    30.000                20    C/2022 R6        true  59840.369887  -1072.165501  55.155143  -39.741147   9.5535   9.0973   5.508  114.210       292.084  109.008   86.827     0.327    0.323   76.062  18.936
       1203972  lsst-dp0.2   199652164          X05  59849.273294  59849.273641    30.000                20    C/2022 R6        true  59849.273294  -1063.262094  54.992389  -40.479952   9.5143   9.0150   5.382  117.149       292.435  118.493   87.349     0.322    0.319   48.885  18.902
       1693172  lsst-dp0.2   235082130          X05  59904.085038  59904.085385    30.000                20    C/2022 R6        true  59904.085038  -1008.450350  51.186597  -43.128877   9.2754   8.7864   5.450  116.902       294.659  185.261   91.592     0.344    0.293   36.106  18.758
       1693241  lsst-dp0.2   235084040          X05  59904.085945  59904.086292    30.000                20    C/2022 R6        true  59904.085945  -1008.449443  51.186514  -43.128882   9.2754   8.7864   5.450  116.902       294.659  185.262   91.592     0.344    0.293   36.105  18.758
       1739321  lsst-dp0.2   180002116          X05  59819.291257  59819.291604    30.000                20    C/2022 R6        true  59819.291257  -1093.244131  54.878343  -37.916120   9.6467   9.3331   5.804  105.154       291.265   89.286   85.980     0.361    0.333  -77.446  19.025
       1904971  lsst-dp0.2   206030169          X05  59859.160721  59859.161068    30.000                20    C/2022 R6        true  59859.160721  -1053.374667  54.622837  -41.238924   9.4709   8.9375   5.269  119.578       292.828  129.807   88.030     0.321    0.314   52.096  18.867
       2012787  lsst-dp0.2   189323072          X05  59832.248476  59832.248823    30.000                20    C/2022 R6        true  59832.248476  -1080.286912  55.158380  -39.041825   9.5894   9.1819   5.629  111.020       291.766  100.972   86.434     0.336    0.327  -86.289  18.969
       2013037  lsst-dp0.2   190492133          X05  59835.345590  59835.345937    30.000                20    C/2022 R6        true  59835.345590  -1077.189798  55.173448  -39.310266   9.5757   9.1487   5.583  112.287       291.887  103.968   86.574     0.332    0.326  -28.221  18.956
       2013138  lsst-dp0.2   206022045          X05  59859.157145  59859.157492    30.000                20    C/2022 R6        true  59859.157145  -1053.378243  54.623011  -41.238663   9.4710   8.9376   5.269  119.577       292.827  129.803   88.029     0.321    0.314   52.095  18.867
       2013282  lsst-dp0.2   206034000          X05  59859.162509  59859.162856    30.000                20    C/2022 R6        true  59859.162509  -1053.372879  54.622750  -41.239054   9.4709   8.9375   5.269  119.578       292.828  129.809   88.030     0.321    0.314   52.097  18.867
       2048904  lsst-dp0.2   190283015          X05  59835.250853  59835.251200    30.000                20    C/2022 R6        true  59835.250853  -1077.284535  55.173477  -39.302045   9.5761   9.1497   5.584  112.249       291.883  103.875   86.569     0.332    0.326  -45.111  18.957
       2049112  lsst-dp0.2   190287048          X05  59835.252649  59835.252996    30.000                20    C/2022 R6        true  59835.252649  -1077.282739  55.173477  -39.302201   9.5761   9.1496   5.584  112.250       291.883  103.876   86.569     0.332    0.326  -44.791  18.957
       2049539  lsst-dp0.2   190502097          X05  59835.350161  59835.350508    30.000                20    C/2022 R6        true  59835.350161  -1077.185227  55.173446  -39.310661   9.5757   9.1486   5.583  112.289       291.887  103.972   86.574     0.332    0.326  -27.406  18.956
       2134200  lsst-dp0.2   167863112          X05  59803.353136  59803.353483    30.000                20    C/2022 R6        true  59803.353136  -1109.182252  54.076859  -36.590663   9.7175   9.5407   5.943   97.060       290.655   76.508   85.716     0.408    0.340  -69.752  19.098
       2241979  lsst-dp0.2   532830170          X05  60362.075377  60362.075724    30.000                20    C/2022 R6        true  60362.075377   -550.460011  71.709837  -35.135651   7.5176   7.4575   7.557   89.702       318.389  257.281   75.649     0.223    0.209  -63.573  17.672
       2400507  lsst-dp0.2   208816122          X05  59862.237806  59862.238153    30.000                20    C/2022 R6        true  59862.237806  -1050.297582  54.469724  -41.457354   9.4575   8.9166   5.242  120.131       292.950  133.475   88.259     0.322    0.313   53.346  18.857
       2400944  lsst-dp0.2   208852073          X05  59862.255291  59862.255638    30.000                20    C/2022 R6        true  59862.255291  -1050.280097  54.468766  -41.458569   9.4574   8.9165   5.242  120.133       292.951  133.496   88.260     0.322    0.313   53.352  18.857
       2401510  lsst-dp0.2   209013131          X05  59862.330273  59862.330620    30.000                20    C/2022 R6        true  59862.330273  -1050.205115  54.464650  -41.463754   9.4571   8.9160   5.241  120.145       292.954  133.587   88.266     0.322    0.313   53.373  18.857
       2402020  lsst-dp0.2   209820152          X05  59863.318901  59863.319248    30.000                20    C/2022 R6        true  59863.318901  -1049.216487  54.411769  -41.531764   9.4527   8.9096   5.234  120.300       292.994  134.779   88.342     0.322    0.313   53.636  18.854
       2402334  lsst-dp0.2   226883127          X05  59886.065165  59886.065512    30.000                20    C/2022 R6        true  59886.065165  -1026.470223  52.789531  -42.749501   9.3535   8.8074   5.231  120.740       293.915  163.191   90.199     0.334    0.302   47.635  18.792
       2415872  lsst-dp0.2   209060051          X05  59862.353581  59862.353928    30.000                20    C/2022 R6        true  59862.353581  -1050.181807  54.463372  -41.465359   9.4570   8.9158   5.241  120.149       292.955  133.615   88.268     0.322    0.313   53.380  18.857
       2490329  lsst-dp0.2   209016173          X05  59862.331637  59862.331984    30.000                20    C/2022 R6        true  59862.331637  -1050.203751  54.464575  -41.463848   9.4571   8.9160   5.241  120.146       292.954  133.588   88.266     0.322    0.313   53.374  18.857
       2490427  lsst-dp0.2   209849082          X05  59863.333979  59863.334326    30.000                20    C/2022 R6        true  59863.333979  -1049.201409  54.410915  -41.532787   9.4527   8.9095   5.234  120.303       292.994  134.797   88.343     0.322    0.313   53.639  18.854
       2525965  lsst-dp0.2   187559095          X05  59827.293878  59827.294225    30.000                20    C/2022 R6        true  59827.293878  -1085.241510  55.092175  -38.610493   9.6113   9.2375   5.700  108.876       291.574   96.347   86.235     0.344    0.329  -82.118  18.990
       2545316  lsst-dp0.2   516409183          X05  60336.088918  60336.089265    30.000                20    C/2022 R6        true  60336.088918   -576.446470  71.571425  -38.132015   7.6011   7.3362   7.278  101.940       316.764  234.369   77.270     0.193    0.171   17.879  17.674
       2545663  lsst-dp0.2   516415152          X05  60336.091727  60336.092074    30.000                20    C/2022 R6        true  60336.091727   -576.443661  71.571342  -38.131723   7.6011   7.3362   7.278  101.938       316.764  234.371   77.269     0.193    0.171   17.871  17.674
        341053  lsst-dp0.2  1144307005          X05  61258.408926  61258.409273    30.000                23    C/2019 Q3        true  61258.408926   2907.619969  55.640075  -44.837327  17.9542  17.8343   3.227   95.167       101.019   71.466   89.079  1228.316  261.168  -20.323  27.498
       1006053  lsst-dp0.2  1145164015          X05  61259.330003  61259.330350    30.000                23    C/2019 Q3        true  61259.330003   2908.541046  55.670361  -44.880097  17.9583  17.8313   3.223   95.573       101.030   72.232   89.000  1229.191  261.207  -20.310  27.498
       1006259  lsst-dp0.2  1145199005          X05  61259.346491  61259.346838    30.000                23    C/2019 Q3        true  61259.346491   2908.557534  55.670878  -44.880873  17.9583  17.8313   3.223   95.580       101.031   72.246   88.998  1229.206  261.207  -20.310  27.498
       1017863  lsst-dp0.2  1150178026          X05  61265.316299  61265.316646    30.000                23    C/2019 Q3        true  61265.316299   2914.527342  55.842122  -45.163879  17.9848  17.8127   3.198   98.173       101.101   77.285   88.488  1234.710  261.414  -20.248  27.502
       1911519  lsst-dp0.2  1136091126          X05  61249.356299  61249.356646    30.000                23    C/2019 Q3        true  61249.356299   2898.567342  55.291981  -44.431775  17.9141  17.8654   3.250   91.119       100.912   64.057   89.878  1219.411  260.694  -20.494  27.492
       1912233  lsst-dp0.2  1136113074          X05  61249.366288  61249.366635    30.000                23    C/2019 Q3        true  61249.366288   2898.577331  55.292407  -44.432211  17.9141  17.8654   3.250   91.123       100.912   64.065   89.877  1219.421  260.694  -20.494  27.492
       1912943  lsst-dp0.2  1138129137          X05  61251.337858  61251.338205    30.000                23    C/2019 Q3        true  61251.337858   2900.548901  55.375966  -44.517994  17.9228  17.8584   3.246   92.013       100.936   65.661   89.702  1221.405  260.811  -20.450  27.493
       1913096  lsst-dp0.2  1138133137          X05  61251.339687  61251.340034    30.000                23    C/2019 Q3        true  61251.339687   2900.550730  55.376040  -44.518075  17.9228  17.8584   3.246   92.013       100.936   65.663   89.702  1221.406  260.811  -20.450  27.493
       1926441  lsst-dp0.2  1141193111          X05  61254.340918  61254.341265    30.000                23    C/2019 Q3        true  61254.340918   2903.551961  55.495029  -44.651493  17.9362  17.8480   3.239   93.360       100.971   68.110   89.436  1224.380  260.974  -20.390  27.495
       1926554  lsst-dp0.2  1141198072          X05  61254.343152  61254.343499    30.000                23    C/2019 Q3        true  61254.343152   2903.554195  55.495112  -44.651595  17.9362  17.8480   3.239   93.361       100.971   68.112   89.436  1224.383  260.975  -20.390  27.495
       2404884  lsst-dp0.2   903654128          X05  60898.341957  60898.342304    30.000                23    C/2019 Q3        true  60898.341957   2547.553000  49.565181  -45.015311  16.3477  16.1116   3.482  101.725        96.333   80.069   93.087  1146.141  254.026  -26.154  26.870
       2419257  lsst-dp0.2  1139328061          X05  61252.431909  61252.432256    30.000                23    C/2019 Q3        true  61252.431909   2901.642952  55.420409  -44.566281  17.9277  17.8546   3.244   92.505       100.949   66.551   89.605  1222.495  260.873  -20.427  27.494
         60332  lsst-dp0.2   430055033          X05  60196.236560  60196.236907    30.000                24    C/2022 O1        true  60196.236560    570.675810  51.948935  -38.249077   8.2455   7.7985   6.455  113.064        36.595  101.676  357.199     1.931    1.251   39.526  19.422
         86755  lsst-dp0.2   418968178          X05  60177.294801  60177.295148    30.000                24    C/2022 O1        true  60177.294801    551.734051  52.670800  -37.386524   8.1956   7.9072   6.908  103.075        35.531   84.419  356.494     1.896    1.149   42.289  19.426
         86879  lsst-dp0.2   419001133          X05  60177.309819  60177.310166    30.000                24    C/2022 O1        true  60177.309819    551.749069  52.670570  -37.387211   8.1957   7.9071   6.907  103.083        35.532   84.431  356.494     1.896    1.150   42.287  19.426
        135152  lsst-dp0.2   400330090          X05  60145.362039  60145.362386    30.000                24    C/2022 O1        true  60145.362039    519.801289  51.854469  -36.236121   8.1144   8.1343   7.171   85.293        33.708   59.947  357.070     1.745    0.990   47.167  19.444
        157812  lsst-dp0.2   400354114          X05  60145.373512  60145.373859    30.000                24    C/2022 O1        true  60145.373512    519.812762  51.855155  -36.236397   8.1145   8.1342   7.171   85.300        33.708   59.955  357.069     1.745    0.990   47.165  19.444
        500845  lsst-dp0.2   420833159          X05  60179.377281  60179.377628    30.000                24    C/2022 O1        true  60179.377281    553.816531  52.637263  -37.480740   8.2010   7.8937   6.866  104.221        35.648   86.179  356.532     1.902    1.160   41.977  19.425
        501048  lsst-dp0.2   421650165          X05  60180.308633  60180.308980    30.000                24    C/2022 O1        true  60180.308633    554.747883  52.618841  -37.523112   8.2035   7.8878   6.847  104.731        35.701   86.976  356.552     1.905    1.165   41.838  19.425
        553575  lsst-dp0.2   397283167          X05  60142.378593  60142.378940    30.000                24    C/2022 O1        true  60142.378593    516.817843  51.662830  -36.171561   8.1070   8.1558   7.159   83.675        33.535   57.791  357.228     1.726    0.976   47.629  19.446
        553694  lsst-dp0.2   397329171          X05  60142.400830  60142.401177    30.000                24    C/2022 O1        true  60142.400830    516.840080  51.664288  -36.172026   8.1071   8.1556   7.159   83.687        33.537   57.807  357.227     1.726    0.976   47.626  19.446
        559021  lsst-dp0.2   421682109          X05  60180.324512  60180.324859    30.000                24    C/2022 O1        true  60180.324512    554.763762  52.618470  -37.523847   8.2035   7.8877   6.847  104.739        35.702   86.989  356.553     1.905    1.165   41.836  19.425
        559158  lsst-dp0.2   421725057          X05  60180.344070  60180.344417    30.000                24    C/2022 O1        true  60180.344070    554.783320  52.618011  -37.524750   8.2036   7.8876   6.846  104.750        35.703   87.006  356.553     1.905    1.165   41.833  19.425
        559502  lsst-dp0.2   433961023          X05  60201.243771  60201.244118    30.000                24    C/2022 O1        true  60201.243771    575.683021  51.600851  -38.464675   8.2589   7.7762   6.315  115.462        36.874  106.791  357.516     1.932    1.279   38.836  19.423
        615839  lsst-dp0.2   410967119          X05  60162.359251  60162.359598    30.000                24    C/2022 O1        true  60162.359251    536.798501  52.586585  -36.761458   8.1572   8.0106   7.120   94.727        34.682   72.510  356.497     1.839    1.073   44.554  19.434
        615930  lsst-dp0.2   410997117          X05  60162.373109  60162.373456    30.000                24    C/2022 O1        true  60162.373109    536.812359  52.586890  -36.761990   8.1572   8.0105   7.120   94.735        34.683   72.521  356.497     1.839    1.073   44.552  19.434
        674174  lsst-dp0.2   397284054          X05  60142.379041  60142.379388    30.000                24    C/2022 O1        true  60142.379041    516.818291  51.662860  -36.171570   8.1070   8.1558   7.159   83.676        33.535   57.791  357.228     1.726    0.976   47.629  19.446
        674269  lsst-dp0.2   397332011          X05  60142.402173  60142.402520    30.000                24    C/2022 O1        true  60142.402173    516.841423  51.664376  -36.172054   8.1071   8.1556   7.159   83.688        33.537   57.808  357.227     1.726    0.976   47.626  19.446
       1197045  lsst-dp0.2   436490119          X05  60206.261522  60206.261869    30.000                24    C/2022 O1        true  60206.261522    580.700772  51.187850  -38.666477   8.2724   7.7572   6.173  117.709        37.153  112.188  357.886     1.931    1.308   38.173  19.425
       1197114  lsst-dp0.2   436526091          X05  60206.278746  60206.279093    30.000                24    C/2022 O1        true  60206.278746    580.717996  51.186282  -38.667145   8.2725   7.7572   6.172  117.717        37.154  112.207  357.887     1.931    1.308   38.170  19.425
       1253098  lsst-dp0.2   414874114          X05  60166.338805  60166.339152    30.000                24    C/2022 O1        true  60166.338805    540.778055  52.663114  -36.916595   8.1673   7.9822   7.078   96.961        34.909   75.576  356.449     1.856    1.093   43.947  19.432
       1257914  lsst-dp0.2   398408172          X05  60143.418834  60143.419181    30.000                24    C/2022 O1        true  60143.418834    517.858084  51.731577  -36.193050   8.1096   8.1483   7.164   84.238        33.595   58.542  357.171     1.733    0.981   47.468  19.446
       1312106  lsst-dp0.2   415028035          X05  60166.411011  60166.411358    30.000                24    C/2022 O1        true  60166.411011    540.850261  52.663998  -36.919542   8.1675   7.9817   7.077   97.002        34.913   75.633  356.448     1.857    1.093   43.936  19.432
       1754316  lsst-dp0.2   431134166          X05  60198.222181  60198.222528    30.000                24    C/2022 O1        true  60198.222181    572.661431  51.818715  -38.335943   8.2508   7.7893   6.400  114.032        36.706  103.673  357.318     1.932    1.262   39.249  19.422
       2091331  lsst-dp0.2   410870183          X05  60162.312325  60162.312672    30.000                24    C/2022 O1        true  60162.312325    536.751575  52.585541  -36.759650   8.1571   8.0110   7.120   94.701        34.680   72.474  356.498     1.839    1.073   44.561  19.434
       2125403  lsst-dp0.2   406991039          X05  60158.404981  60158.405328    30.000                24    C/2022 O1        true  60158.404981    532.844231  52.473473  -36.618042   8.1471   8.0393   7.150   92.511        34.457   69.523  356.578     1.819    1.053   45.159  19.436
       2125556  lsst-dp0.2   425465008          X05  60184.253032  60184.253379    30.000                24    C/2022 O1        true  60184.253032    558.692282  52.515112  -37.703960   8.2138   7.8635   6.760  106.869        35.923   90.420  356.660     1.915    1.186   41.253  19.424
       2518085  lsst-dp0.2   427020180          X05  60187.320898  60187.321245    30.000                24    C/2022 O1        true  60187.320898    561.760148  52.405990  -37.845226   8.2219   7.8455   6.687  108.504        36.096   93.181  356.769     1.920    1.203   40.803  19.423
       2521728  lsst-dp0.2   426665016          X05  60185.378734  60185.379081    30.000                24    C/2022 O1        true  60185.378734    559.817984  52.477715  -37.755852   8.2168   7.8568   6.734  107.472        35.986   91.424  356.698     1.917    1.192   41.087  19.423
       2581336  lsst-dp0.2   408906053          X05  60160.337989  60160.338336    30.000                24    C/2022 O1        true  60160.337989    534.777239  52.533378  -36.686698   8.1520   8.0252   7.137   93.594        34.567   70.977  356.534     1.829    1.063   44.863  19.435
       2581451  lsst-dp0.2   408946012          X05  60160.356609  60160.356956    30.000                24    C/2022 O1        true  60160.356609    534.795859  52.533879  -36.687389   8.1521   8.0251   7.136   93.604        34.568   70.991  356.534     1.829    1.063   44.860  19.435
       2581561  lsst-dp0.2   427028072          X05  60187.324526  60187.324873    30.000                24    C/2022 O1        true  60187.324526    561.763776  52.405838  -37.845395   8.2219   7.8455   6.687  108.505        36.096   93.185  356.769     1.920    1.203   40.803  19.423
         78084  lsst-dp0.2   419045080          X05  60177.330171  60177.330518    30.000                26    C/2023 V4        true  60177.330171   -283.037213  68.157774  -39.260382   3.9277   3.7693  14.923   91.470       244.637   75.315   22.128     1.018    0.539  -84.367  19.900
         78344  lsst-dp0.2   419838151          X05  60178.368425  60178.368772    30.000                26    C/2023 V4        true  60178.368425   -281.998959  68.283035  -39.374460   3.9169   3.7506  14.959   91.901       244.737   76.107   22.242     1.010    0.539  -84.786  19.884
        104318  lsst-dp0.2   419048048          X05  60177.331521  60177.331868    30.000                26    C/2023 V4        true  60177.331521   -283.035863  68.157934  -39.260532   3.9277   3.7692  14.923   91.470       244.637   75.316   22.128     1.018    0.539  -84.367  19.900
        105749  lsst-dp0.2   419013156          X05  60177.315284  60177.315631    30.000                26    C/2023 V4        true  60177.315284   -283.052100  68.155996  -39.258730   3.9279   3.7695  14.923   91.464       244.636   75.304   22.126     1.018    0.539  -84.361  19.900
        148088  lsst-dp0.2   400460148          X05  60145.423294  60145.423641    30.000                26    C/2023 V4        true  60145.423294   -314.944090  62.695401  -36.870686   4.2550   4.3408  13.532   78.427       241.816   52.761   19.065     1.235    0.498  -73.643  20.338
        420927  lsst-dp0.2   427632106          X05  60192.343590  60192.343937    30.000                26    C/2023 V4        true  60192.343590   -268.023794  69.515719  -41.103794   3.7708   3.5018  15.369   97.643       246.135   87.385   23.867     0.898    0.534   88.983  19.665
        481273  lsst-dp0.2   420719167          X05  60179.323496  60179.323843    30.000                26    C/2023 V4        true  60179.323496   -281.043888  68.394818  -39.481122   3.9070   3.7334  14.991   92.298       244.829   76.841   22.348     1.002    0.539  -85.176  19.869
        481420  lsst-dp0.2   420765125          X05  60179.345902  60179.346249    30.000                26    C/2023 V4        true  60179.345902   -281.021482  68.397306  -39.483692   3.9068   3.7330  14.991   92.307       244.831   76.858   22.350     1.002    0.539  -85.186  19.869
        481609  lsst-dp0.2   421675125          X05  60180.321335  60180.321682    30.000                26    C/2023 V4        true  60180.321335   -280.046049  68.507497  -39.594536   3.8966   3.7155  15.023   92.712       244.926   77.613   22.459     0.995    0.539  -85.589  19.854
        488007  lsst-dp0.2   421635097          X05  60180.301928  60180.302275    30.000                26    C/2023 V4        true  60180.301928   -280.065456  68.505412  -39.592268   3.8968   3.7159  15.023   92.704       244.924   77.598   22.457     0.995    0.539  -85.581  19.854
        547069  lsst-dp0.2   420718011          X05  60179.323051  60179.323398    30.000                26    C/2023 V4        true  60179.323051   -281.044333  68.394768  -39.481071   3.9070   3.7335  14.991   92.298       244.829   76.840   22.348     1.002    0.539  -85.176  19.869
       1111651  lsst-dp0.2   441192114          X05  60211.351115  60211.351462    30.000                26    C/2023 V4        true  60211.351115   -249.016269  69.437379  -43.902995   3.5695   3.1771  15.760  104.910       248.221  105.279   26.322     0.727    0.496   78.296  19.346
       1394373  lsst-dp0.2   401651009          X05  60147.411890  60147.412237    30.000                26    C/2023 V4        true  60147.411890   -312.955494  63.106215  -36.955150   4.2349   4.3057  13.633   79.212       241.979   54.107   19.233     1.223    0.502  -74.212  20.314
       1728569  lsst-dp0.2   433140069          X05  60200.285383  60200.285730    30.000                26    C/2023 V4        true  60200.285383   -260.082001  69.768861  -42.227554   3.6871   3.3636  15.552  100.793       246.979   94.436   24.868     0.829    0.522   84.871  19.534
       1745440  lsst-dp0.2   418205187          X05  60176.398996  60176.399343    30.000                26    C/2023 V4        true  60176.398996   -283.968388  68.041471  -39.160073   3.9374   3.7860  14.891   91.083       244.548   74.609   22.027     1.025    0.539  -83.995  19.914
       1747368  lsst-dp0.2   433095036          X05  60200.264258  60200.264605    30.000                26    C/2023 V4        true  60200.264258   -260.103126  69.768796  -42.224408   3.6873   3.3640  15.552  100.785       246.977   94.417   24.865     0.830    0.522   84.883  19.535
       1764657  lsst-dp0.2   418227131          X05  60176.408880  60176.409227    30.000                26    C/2023 V4        true  60176.408880   -283.958504  68.042676  -39.161141   3.9373   3.7858  14.891   91.087       244.549   74.617   22.028     1.025    0.539  -83.999  19.914
       1782820  lsst-dp0.2   418202029          X05  60176.397641  60176.397988    30.000                26    C/2023 V4        true  60176.397641   -283.969743  68.041306  -39.159926   3.9374   3.7860  14.891   91.082       244.548   74.608   22.027     1.025    0.539  -83.995  19.914
       1978892  lsst-dp0.2   443102041          X05  60215.224382  60215.224729    30.000                26    C/2023 V4        true  60215.224382   -245.143002  69.106166  -44.501548   3.5281   3.1140  15.826  106.243       248.676  109.397   26.833     0.691    0.484   75.723  19.279
       1988216  lsst-dp0.2   443109184          X05  60215.227502  60215.227849    30.000                26    C/2023 V4        true  60215.227502   -245.139882  69.105832  -44.502038   3.5280   3.1139  15.826  106.244       248.676  109.400   26.834     0.691    0.484   75.720  19.279
       2076300  lsst-dp0.2   425542048          X05  60184.290205  60184.290552    30.000                26    C/2023 V4        true  60184.290205   -276.077179  68.914280  -40.064244   3.8552   3.6445  15.147   94.354       245.316   80.736   22.909     0.964    0.539  -87.285  19.793
       2105407  lsst-dp0.2   407942030          X05  60159.355366  60159.355713    30.000                26    C/2023 V4        true  60159.355366   -301.012018  65.406005  -37.643331   4.1131   4.0929  14.205   84.029       242.993   62.295   20.306     1.146    0.523  -77.871  20.157
       2108915  lsst-dp0.2   407940136          X05  60159.354471  60159.354818    30.000                26    C/2023 V4        true  60159.354471   -301.012913  65.405847  -37.643266   4.1131   4.0929  14.205   84.028       242.993   62.294   20.306     1.146    0.523  -77.871  20.157
       2112318  lsst-dp0.2   406977137          X05  60158.398662  60158.399009    30.000                26    C/2023 V4        true  60158.398662   -301.968722  65.233392  -37.576870   4.1229   4.1100  14.161   83.638       242.909   61.630   20.216     1.152    0.522  -77.561  20.170
       2149758  lsst-dp0.2   407927001          X05  60159.348660  60159.349007    30.000                26    C/2023 V4        true  60159.348660   -301.018724  65.404821  -37.642844   4.1132   4.0930  14.204   84.026       242.992   62.290   20.306     1.146    0.523  -77.869  20.157
       2470965  lsst-dp0.2   426669108          X05  60185.380542  60185.380889    30.000                26    C/2023 V4        true  60185.380542   -274.986842  69.013510  -40.198550   3.8438   3.6251  15.180   94.803       245.425   81.611   23.036     0.955    0.539  -87.767  19.776
        215995  lsst-dp0.2   400356030          X05  60145.374406  60145.374753    30.000                27    C/2023 V5        true  60145.374406   -146.104631  58.729972  -28.942192   2.5128   2.5467  23.161   76.543       252.090   56.748    5.386   615.082    4.095  -12.166  27.432
        237439  lsst-dp0.2   400390014          X05  60145.390364  60145.390711    30.000                27    C/2023 V5        true  60145.390364   -146.088673  58.734099  -28.941624   2.5126   2.5464  23.164   76.550       252.094   56.758    5.388   614.902    4.097  -12.171  27.431
        247703  lsst-dp0.2   419065072          X05  60177.339396  60177.339743    30.000                27    C/2023 V5        true  60177.339396   -114.139641  66.087599  -28.846330   2.0960   1.8253  28.861   90.584       259.932   76.297   11.617   302.745    8.304  -25.236  25.920
        249509  lsst-dp0.2   419024177          X05  60177.320386  60177.320733    30.000                27    C/2023 V5        true  60177.320386   -114.158651  66.084223  -28.845610   2.0962   1.8257  28.858   90.575       259.926   76.285   11.613   302.900    8.301  -25.226  25.921
        272878  lsst-dp0.2   419029092          X05  60177.322623  60177.322970    30.000                27    C/2023 V5        true  60177.322623   -114.156414  66.084621  -28.845695   2.0962   1.8257  28.858   90.576       259.927   76.286   11.613   302.882    8.302  -25.227  25.921
        884738  lsst-dp0.2   410962112          X05  60162.357014  60162.357361    30.000                27    C/2023 V5        true  60162.357014   -129.122023  62.944262  -28.601597   2.2931   2.1705  26.084   83.721       255.901   66.953    8.458   436.631    6.142  -18.233  26.687
        889532  lsst-dp0.2   420778181          X05  60179.351722  60179.352069    30.000                27    C/2023 V5        true  60179.351722   -112.127315  66.448684  -28.921459   2.0693   1.7781  29.246   91.548       260.532   77.603   12.079   286.562    8.625  -26.345  25.808
        889687  lsst-dp0.2   420820147          X05  60179.370853  60179.371200    30.000                27    C/2023 V5        true  60179.370853   -112.108184  66.451890  -28.922270   2.0690   1.7777  29.250   91.557       260.537   77.615   12.083   286.411    8.628  -26.356  25.807
        893855  lsst-dp0.2   420827157          X05  60179.374388  60179.374735    30.000                27    C/2023 V5        true  60179.374388   -112.104649  66.452481  -28.922420   2.0690   1.7776  29.250   91.559       260.538   77.617   12.084   286.383    8.629  -26.358  25.807
        899061  lsst-dp0.2   434089101          X05  60201.302094  60201.302441    30.000                27    C/2023 V5        true  60201.302094    -90.176943  68.825007  -30.466421   1.7755   1.2559  33.532  102.868       268.255   93.419   17.773   138.768   12.797  -43.228  24.388
        934490  lsst-dp0.2   410963090          X05  60162.357462  60162.357809    30.000                27    C/2023 V5        true  60162.357462   -129.121575  62.944363  -28.601597   2.2931   2.1705  26.084   83.722       255.901   66.953    8.458   436.626    6.143  -18.233  26.687
        939961  lsst-dp0.2   410988060          X05  60162.368993  60162.369340    30.000                27    C/2023 V5        true  60162.368993   -129.110044  62.946975  -28.601609   2.2930   2.1702  26.086   83.727       255.904   66.960    8.460   436.515    6.144  -18.238  26.687
        945150  lsst-dp0.2   420785093          X05  60179.354890  60179.355237    30.000                27    C/2023 V5        true  60179.354890   -112.124147  66.449216  -28.921594   2.0692   1.7781  29.247   91.549       260.533   77.605   12.079   286.537    8.625  -26.347  25.808
        976633  lsst-dp0.2   410989072          X05  60162.369441  60162.369788    30.000                27    C/2023 V5        true  60162.369441   -129.109596  62.947076  -28.601610   2.2930   2.1702  26.086   83.727       255.904   66.961    8.460   436.510    6.144  -18.238  26.687
        978727  lsst-dp0.2   410990008          X05  60162.369888  60162.370235    30.000                27    C/2023 V5        true  60162.369888   -129.109149  62.947177  -28.601610   2.2930   2.1702  26.086   83.727       255.904   66.961    8.460   436.506    6.144  -18.238  26.687
       1319104  lsst-dp0.2   452557126          X05  60234.140375  60234.140722    30.000                27    C/2023 V5        true  60234.140375    -57.338662  54.004334  -35.624920   1.3379   0.4826  37.156  125.832       286.161  139.037   22.187    32.010   12.418   38.471  21.082
       1376433  lsst-dp0.2   451489018          X05  60232.148298  60232.148645    30.000                27    C/2023 V5        true  60232.148298    -59.330739  56.857267  -35.303916   1.3637   0.5265  37.307  124.024       284.750  133.701   23.603    33.564   14.204   49.476  21.354
       1376864  lsst-dp0.2   451798074          X05  60232.294199  60232.294546    30.000                27    C/2023 V5        true  60232.294199    -59.184838  56.658099  -35.330247   1.3618   0.5233  37.298  124.155       284.852  134.072   23.521    33.440   14.080   48.654  21.335
       1405632  lsst-dp0.2   447523121          X05  60223.189641  60223.189988    30.000                27    C/2023 V5        true  60223.189641    -68.289396  64.565655  -33.611270   1.4817   0.7326  37.060  116.732       279.016  116.693   23.969    49.023   17.412  -85.529  22.431
       1588279  lsst-dp0.2   433186050          X05  60200.308245  60200.308592    30.000                27    C/2023 V5        true  60200.308245    -91.170792  68.803935  -30.364705   1.7889   1.2797  33.340  102.316       267.850   92.610   17.488   144.285   12.579  -42.191  24.461
       1619986  lsst-dp0.2   398419156          X05  60143.423856  60143.424203    30.000                27    C/2023 V5        true  60143.423856   -148.055181  58.215766  -29.020282   2.5378   2.5888  22.841   75.758       251.695   55.580    5.062   637.329    3.885  -11.560  27.510
       1859305  lsst-dp0.2   431368066          X05  60198.328165  60198.328512    30.000                27    C/2023 V5        true  60198.328165    -93.150872  68.729500  -30.171794   1.8155   1.3273  32.954  101.229       267.062   91.034   16.928   155.624   12.150  -40.230  24.605
       1888243  lsst-dp0.2   418155090          X05  60176.376489  60176.376836    30.000                27    C/2023 V5        true  60176.376489   -115.102548  65.908514  -28.814120   2.1087   1.8478  28.678   90.127       259.650   75.678   11.400   310.645    8.154  -24.723  25.973
       1889626  lsst-dp0.2   431352075          X05  60198.320869  60198.321216    30.000                27    C/2023 V5        true  60198.320869    -93.158168  68.729235  -30.171082   1.8156   1.3274  32.952  101.225       267.059   91.029   16.926   155.667   12.149  -40.223  24.605
       2235519  lsst-dp0.2   443081153          X05  60215.215001  60215.215348    30.000                27    C/2023 V5        true  60215.215001    -76.264036  67.533117  -32.254896   1.5883   0.9219  36.029  111.210       274.634  106.536   21.899    74.362   16.087  -63.527  23.233
       2267236  lsst-dp0.2   444712022          X05  60217.211193  60217.211540    30.000                27    C/2023 V5        true  60217.211193    -74.267844  67.003791  -32.571175   1.5616   0.8742  36.330  112.527       275.675  108.819   22.474    67.169   16.535  -67.910  23.044
       2267427  lsst-dp0.2   444717024          X05  60217.213425  60217.213772    30.000                27    C/2023 V5        true  60217.213425    -74.265612  67.003088  -32.571555   1.5615   0.8741  36.331  112.528       275.676  108.821   22.475    67.161   16.535  -67.915  23.043
       2275952  lsst-dp0.2   443149047          X05  60215.245427  60215.245774    30.000                27    C/2023 V5        true  60215.245427    -76.233610  67.525352  -32.259811   1.5879   0.9211  36.033  111.229       274.650  106.570   21.908    74.250   16.094  -63.591  23.230
       2304364  lsst-dp0.2   406997182          X05  60158.407689  60158.408036    30.000                27    C/2023 V5        true  60158.407689   -133.071348  62.012551  -28.625368   2.3446   2.2595  25.381   81.998       254.951   64.564    7.700   475.670    5.630  -16.674  26.871
       2326229  lsst-dp0.2   390571019          X05  60132.422446  60132.422793    30.000                27    C/2023 V5        true  60132.422446   -159.056591  55.235975  -29.604150   2.6775   2.8208  21.104   71.481       249.601   48.942    3.336   769.229    2.826   -8.405  27.929
       2734516  lsst-dp0.2   427089068          X05  60187.356889  60187.357236    30.000                27    C/2023 V5        true  60187.356889   -104.122148  67.692886  -29.324406   1.9626   1.5892  30.798   95.490       263.081   82.979   14.011   226.529    9.992  -31.325  25.334
